#   dsigma/dET Q2 Q1
 7.000000e+00   9.000000e+00   1.100000e+01     4.601562e+01   6.716806e-01   1.648952e+01   2.638154e-01   4.809838e+00   7.758552e-02   6.731498e+01   8.947640e-01
 1.100000e+01   1.450000e+01   1.800000e+01     1.086979e+01   1.510732e-01   4.246898e+00   5.939642e-02   1.159372e+00   1.651637e-02   1.627606e+01   1.999061e-01
 1.800000e+01   2.400000e+01   3.000000e+01     1.330583e+00   1.924445e-02   7.688060e-01   1.044527e-02   1.770931e-01   2.523148e-03   2.276482e+00   2.797109e-02
 3.000000e+01   4.000000e+01   5.000000e+01     8.328331e-02   1.442172e-03   1.142468e-01   1.681173e-03   1.850065e-02   3.005599e-04   2.160307e-01   2.957056e-03

#   dsigma/dET Q2 Q2
 7.000000e+00   9.000000e+00   1.100000e+01     4.913654e+01   6.116913e-01   2.159730e+01   2.931956e-01   6.265268e+00   8.580038e-02   7.699910e+01   8.684258e-01
 1.100000e+01   1.450000e+01   1.800000e+01     1.271747e+01   1.489229e-01   5.421508e+00   6.415845e-02   1.474776e+00   1.777687e-02   1.961376e+01   2.030506e-01
 1.800000e+01   2.400000e+01   3.000000e+01     1.718932e+00   2.087392e-02   1.066515e+00   1.195863e-02   2.452539e-01   2.891457e-03   3.030701e+00   3.091594e-02
 3.000000e+01   4.000000e+01   5.000000e+01     1.082373e-01   1.547101e-03   1.547388e-01   1.866400e-03   2.491452e-02   3.335595e-04   2.878906e-01   3.246453e-03

#   dsigma/dET Q2 Q3
 7.000000e+00   9.000000e+00   1.100000e+01     4.809587e+01   4.806879e-01   2.913439e+01   3.197476e-01   8.311275e+00   9.237626e-02   8.554153e+01   7.737217e-01
 1.100000e+01   1.450000e+01   1.800000e+01     1.473829e+01   1.306381e-01   8.164598e+00   7.352082e-02   2.175381e+00   2.005067e-02   2.507827e+01   1.947268e-01
 1.800000e+01   2.400000e+01   3.000000e+01     2.367604e+00   2.167861e-02   1.691883e+00   1.405312e-02   3.802520e-01   3.330582e-03   4.439739e+00   3.370641e-02
 3.000000e+01   4.000000e+01   5.000000e+01     1.601882e-01   1.729180e-03   2.420093e-01   2.142685e-03   3.808584e-02   3.757203e-04   4.402833e-01   3.676589e-03

#   dsigma/dET Q2 Q4
 7.000000e+00   9.000000e+00   1.100000e+01     2.488517e+01   2.147855e-01   3.797390e+01   2.949196e-01   9.559381e+00   7.828238e-02   7.241845e+01   5.081238e-01
 1.100000e+01   1.450000e+01   1.800000e+01     1.045478e+01   7.041706e-02   1.292596e+01   7.486683e-02   3.001287e+00   1.860568e-02   2.638204e+01   1.403127e-01
 1.800000e+01   2.400000e+01   3.000000e+01     2.407213e+00   1.476295e-02   3.259465e+00   1.554526e-02   6.352267e-01   3.338186e-03   6.301905e+00   2.871458e-02
 3.000000e+01   4.000000e+01   5.000000e+01     2.307557e-01   1.533250e-03   5.269542e-01   2.556893e-03   7.476409e-02   4.185677e-04   8.324740e-01   3.916239e-03

